['Lemming']
0	[0]
0.233429836831	[1]
0.298534022026	[2]
0.384849274713	[3]
1.42130510828	[4]
2.04585623531	[5]
2.22577924847	[6]
2.4772136508	[7]
2.85627606806	[8]
3.78205490128	[9]
3.98155897434	[8]
4.6736217319	[7]
5.34563810918	[6]
5.80781408318	[5]
6.11979035798	[6]
8.10285144181	[7]
8.87597761082	[6]
9.35332266175	[5]
9.61666600685	[6]
9.68530203125	[5]
10.504522108	[6]
10.8781100939	[7]
11.6201251815	[8]
12.4877684097	[7]
12.5576720296	[6]
13.2229885833	[5]
13.4283186977	[6]
13.5627106971	[7]
13.9096113889	[8]
14.3376165991	[9]
15.0624339878	[8]
17.026688542	[9]
17.1588592945	[8]
18.1885462136	[9]
18.5001041445	[10]
19.6511019247	[11]
19.6961404223	[12]
20.0003420473	[13]
21.2852132092	[14]
22.3654828262	[13]
22.961384622	[12]
23.3468595104	[13]
23.4797047773	[12]
24.8610399539	[13]
25.0978498351	[12]
25.7393777313	[11]
25.9060913878	[10]
25.9085368499	[11]
26.1182434641	[12]
26.1766800571	[11]
26.7684660389	[12]
27.0012949264	[13]
27.2798975535	[12]
27.8721403606	[11]
27.9533723626	[12]
28.0522697046	[11]
28.81792405	[12]
29.4574589698	[11]
30.8044254464	[10]
31.398593319	[9]
31.5860831611	[8]
31.9330945919	[9]
32.0410060939	[10]
32.3894685084	[9]
32.7565517359	[10]
33.299632968	[11]
33.3107301721	[10]
33.3832766263	[11]
33.3959075916	[10]
33.8771118167	[11]
33.9413733941	[12]
34.2838691192	[13]
34.4410287371	[12]
34.7638029295	[11]
35.3348755708	[10]
35.6605721265	[9]
36.3330611339	[8]
37.4868495327	[9]
37.7821340341	[8]
38.4650468433	[7]
39.4241693799	[8]
40.0044848832	[7]
40.2810822082	[8]
41.217674006	[7]
41.760823942	[8]
42.0600070505	[9]
42.2155153817	[10]
42.5253498261	[9]
43.0394574977	[10]
43.6629375314	[9]
44.0266756466	[10]
44.2255662081	[9]
44.5230298531	[10]
44.7398455105	[11]
44.9991106177	[10]
45.5597812932	[9]
45.7566638567	[8]
46.0057475612	[9]
46.5454931857	[8]
47.5735044113	[9]
48.6127199803	[10]
48.6619209032	[11]
48.714485396	[12]
49.5976018249	[13]
50.1980027902	[14]
50.3395851743	[15]
50.6565691499	[16]
50.7568781558	[17]
50.9198065251	[16]
51.197983545	[15]
51.3531664403	[16]
51.4991162046	[15]
51.5214522404	[14]
51.5724070482	[15]
52.7136998429	[14]
53.0549627101	[15]
53.0618728329	[14]
54.334503522	[15]
55.2150124102	[14]
56.4076728152	[15]
56.415202386	[16]
56.9426718887	[17]
57.0848425645	[18]
57.4005135829	[17]
58.4868372374	[16]
58.6434537103	[15]
59.0499047131	[14]
59.1008515809	[13]
59.7825663216	[12]
59.8014529771	[13]
60.0575524555	[12]
60.2137853461	[11]
61.2133552192	[10]
61.5471282293	[11]
62.3536233373	[12]
63.2576244827	[11]
63.4138596349	[12]
63.5096896982	[11]
63.5683031723	[10]
63.7004726499	[11]
63.8722257501	[12]
63.8909171881	[13]
64.0250290492	[14]
65.4895307088	[13]
66.0201984081	[12]
66.0963023668	[11]
67.1988489342	[12]
67.935137582	[13]
68.5608811642	[14]
69.2311309636	[13]
69.345009758	[14]
70.3716810346	[13]
70.4084518982	[12]
70.4586322362	[11]
71.1066959031	[10]
71.2213748013	[11]
72.2881267797	[12]
72.3870130235	[11]
72.3975995303	[10]
72.7401014375	[9]
73.8386263716	[8]
74.231570715	[7]
74.445053027	[8]
75.2927558928	[7]
76.2827985148	[6]
76.4489955705	[5]
79.3407574609	[4]
80.1834181138	[5]
80.6872821537	[6]
80.7960413388	[5]
83.4418408236	[4]
83.9133974847	[5]
84.2482195927	[6]
85.1052687656	[5]
85.1929761444	[4]
87.760134038	[3]
88.0751459557	[2]
88.8507958489	[3]
89.7485525809	[2]
90.0218333299	[1]
90.839845481	[2]
90.8534979017	[3]
91.2271355058	[4]
92.2598543558	[5]
92.4162630106	[4]
92.663735122	[3]
92.7977063339	[4]
93.572528784	[3]
93.7468162346	[4]
94.1168190954	[5]
94.2888302159	[6]
94.3837440723	[5]
94.9142036214	[6]
95.0830574094	[7]
95.7789622742	[8]
96.4162358698	[7]
97.8067087241	[8]
97.9167295481	[7]
98.0214187387	[6]
98.4694819674	[7]
98.9767787679	[8]
99.4417672258	[9]
100.246088166	[10]
100.71319445	[11]
101.196354803	[12]
102.366970652	[13]
102.380443751	[12]
103.58511311	[11]
103.725392969	[10]
104.068392474	[9]
104.167188942	[10]
104.199240707	[9]
105.648029447	[10]
105.75385739	[11]
105.892242567	[10]
107.816174344	[9]
107.848458781	[10]
108.1180115	[11]
108.952732708	[12]
109.266045667	[11]
109.589379052	[12]
109.712501948	[11]
109.741321066	[12]
109.842579418	[11]
111.488949833	[12]
111.668912073	[13]
112.279902508	[14]
112.639558058	[15]
112.641464897	[14]
112.739583999	[13]
112.809665643	[14]
112.966892348	[13]
114.02631046	[14]
114.231786157	[13]
114.428724979	[12]
115.223584466	[13]
115.597505653	[14]
116.300575852	[15]
116.567534708	[16]
116.662556516	[17]
116.689787059	[16]
116.732666081	[15]
117.085186074	[14]
117.838937041	[15]
118.111254311	[14]
118.179743614	[15]
118.231754541	[14]
118.86029335	[15]
118.956634088	[16]
118.978463386	[17]
119.237981509	[16]
119.666301582	[17]
120.185602406	[18]
121.695691726	[17]
121.699638231	[16]
121.732949171	[15]
121.76955302	[14]
123.140778344	[15]
123.363308177	[14]
123.375749965	[13]
124.04485052	[14]
124.548087321	[15]
124.559998913	[14]
124.810045401	[13]
125.087375817	[12]
125.390414532	[11]
125.447784704	[10]
125.566393918	[9]
125.776526303	[8]
126.798027382	[7]
127.681831023	[8]
128.54590466	[9]
129.822568249	[10]
131.058291824	[11]
131.221452548	[12]
131.523530412	[11]
131.625734575	[10]
131.738338985	[11]
131.759714746	[10]
132.075683824	[9]
132.634215797	[8]
133.116870593	[7]
133.385731927	[8]
133.6358593	[9]
134.193399088	[8]
134.263592605	[9]
134.734715449	[10]
134.950931488	[9]
135.530905753	[8]
136.064231156	[7]
137.256464271	[6]
139.254686807	[7]
139.381140718	[8]
139.661457044	[7]
140.80026036	[8]
141.85733362	[7]
142.196722809	[8]
142.463486822	[9]
142.654971982	[10]
143.535433923	[9]
143.753500914	[10]
143.852874299	[11]
144.013013475	[10]
144.942281675	[11]
147.290099892	[12]
147.787187001	[11]
148.176365844	[10]
149.061788778	[11]
150.643794035	[12]
150.965658083	[11]
152.236859773	[12]
152.335529124	[11]
152.531624975	[10]
152.76930256	[9]
153.606246634	[10]
153.802176624	[11]
153.883814348	[12]
154.326627943	[11]
154.583789272	[10]
154.770951612	[11]
155.243853629	[12]
155.624835048	[13]
155.74952068	[14]
156.33657587	[15]
156.39969248	[14]
156.833161751	[13]
157.707057456	[14]
158.51521154	[15]
158.907538077	[16]
159.323635994	[17]
159.74067636	[16]
159.775339865	[15]
160.348382074	[14]
160.379274824	[13]
161.195240921	[12]
161.62281949	[13]
161.981890205	[14]
162.366967666	[15]
162.707713748	[14]
163.07812082	[15]
163.273908931	[14]
163.528143152	[15]
163.655762848	[16]
163.932926839	[17]
164.632972139	[18]
164.739077782	[17]
164.786035917	[18]
165.336021727	[17]
165.38619068	[16]
165.419668946	[15]
165.624289274	[16]
165.870695033	[17]
165.898069453	[18]
166.589625701	[17]
166.731261109	[16]
166.805541232	[15]
167.075720313	[14]
167.139308879	[13]
167.253177532	[12]
168.33628758	[13]
169.303361108	[12]
169.653384531	[11]
170.274440241	[10]
171.590793523	[9]
171.944770817	[8]
172.61922165	[7]
174.488543343	[8]
174.542204415	[9]
174.726328021	[8]
174.936825676	[7]
175.176939542	[8]
175.585306638	[7]
175.672414647	[8]
175.808950413	[7]
175.815251762	[8]
176.081439485	[7]
176.371556975	[6]
176.835519511	[5]
177.471509108	[6]
178.366958985	[5]
179.459471465	[6]
179.813055204	[5]
184.14352439	[6]
184.256256568	[7]
184.33701639	[8]
184.510990668	[9]
185.65178143	[10]
185.941414514	[11]
186.29564936	[12]
186.471295708	[11]
186.728937174	[10]
187.972767569	[9]
188.496371007	[10]
189.198558641	[9]
189.296971497	[8]
189.69786395	[7]
189.851510081	[8]
190.84136218	[9]
190.868761994	[8]
191.580444624	[7]
193.284468198	[8]
193.571795697	[7]
193.78962174	[6]
193.925074796	[7]
194.453999709	[8]
194.574896316	[7]
194.849508929	[8]
196.433563892	[9]
196.653950293	[10]
196.816942456	[11]
197.44390948	[12]
198.25876311	[11]
198.484557442	[10]
198.685638745	[11]
199.436688237	[12]
199.920712104	[11]
200.114300683	[12]